-0.165378 6.52953 -1.65465 4.22664 1.70522 1.43348 1.59815 0.837753 0
-7.50769 -8.58724 -1.8372 4.28482 1.78269 1.52519 0.117585 0.828106 0
5.19424 -11.7297 -2.12538 4.48607 1.84558 1.59605 -1.5408 0.804098 0
-1.76908 -5.49215 -1.8927 4.33533 1.78356 1.6019 1.25589 0.797714 0
9.14403 15.5496 -1.4468 0.738435 0.653419 1.75334 2.8447 0.722527 8
-5.19936 -25.1787 -2.34556 4.4338 1.88198 1.6994 3.18422 0.722527 0
-16.2546 -8.33006 -1.52512 4.67846 1.93982 1.55072 3.07594 0.716615 0
-20.4232 -18.7298 -1.76487 4.53009 1.90789 1.52967 0.0798026 0.698844 0
-16.6849 -11.3798 -1.60098 4.56116 1.91348 1.72532 3.23158 0.627381 0
-20.3363 -5.78588 -1.21818 4.69219 1.93321 1.58247 -0.0299759 0.617743 0
-25.333 -21.2663 -0.956491 0.589019 0.637659 1.77748 0.270906 0.548915 8
-10.7251 -24.5372 -2.19764 4.78473 2.02104 1.85099 3.18519 0.512334 0
-5.34629 -27.7661 -2.43199 4.39072 1.90602 1.71189 3.1192 0.491708 0
-10.275 -36.4531 -2.49975 4.48607 1.93793 1.62118 3.15031 0.470554 0
-25.9748 -21.9295 -0.86718 0.577062 0.637037 1.78967 0.354276 0.448909 8
8.62833 14.8377 -1.43338 0.730545 0.652462 1.76796 2.96437 0.437523 8
-21.3392 -34.0939 -2.11771 4.71055 1.99165 1.74736 -0.00807333 0.42937 0
-10.1973 -31.6824 -2.39864 4.41221 1.94457 1.63549 3.14267 0.425188 0
-21.2975 -36.4568 -2.17862 4.65113 1.99263 1.71607 -0.0037446 0.406921 0
-2.85528 -36.4718 -2.68878 1.9579 0.705824 1.54279 -1.53853 0.397821 6
-0.413359 14.7199 -1.4587 4.48607 1.83749 1.72279 1.47763 0.388096 0
-2.95222 -32.5196 -2.57685 1.9936 0.687457 1.4664 -1.48113 0.369884 6
-10.2319 -28.5256 -2.31709 4.45986 1.96173 1.68947 3.17048 0.369429 0
-10.2524 -34.9319 -2.46914 4.48169 1.93888 1.60856 3.15503 0.351534 0
-25.1065 -20.7456 -0.944524 0.590459 0.632388 1.76192 0.189429 0.343892 8
9.73265 16.2431 -1.44519 0.749331 0.655016 1.73207 2.81535 0.339499 8
-0.246853 21.0939 -1.17469 4.26395 1.78008 1.68453 1.55333 0.338514 0
-10.2326 -33.2681 -2.42712 4.42948 1.93415 1.60347 3.14337 0.308815 0
-21.2739 -32.5267 -2.06827 4.55227 1.94932 1.64711 0.00632453 0.30549 0
-21.9412 -28.4733 -1.90994 4.47731 1.91723 1.60112 -0.0209637 0.29972 0
-2.85098 -34.9247 -2.64741 2.01611 0.712403 1.5185 -1.50853 0.297878 6
1.19751 -49.2863 -2.90973 4.4036 1.88106 1.68288 1.59754 0.290377 0
-25.983 -4.37984 0.0547671 0.690148 0.655336 1.62872 3.72074 0.290276 8
-21.2559 -38.0368 -2.22372 4.61944 1.99457 1.66571 -0.000962138 0.28577 0
-21.3388 -26.8627 -1.89758 4.55671 1.93888 1.63031 -0.0886344 0.280616 0
-10.6966 -26.0008 -2.2367 4.65113 1.99945 1.76278 3.16595 0.270673 0
-25.2813 -4.36096 -0.0253314 0.680112 0.652781 1.61447 4.13092 0.26569 8
-5.25289 -45.2819 -2.77589 4.33109 1.85099 1.58401 3.18913 0.262842 0
-3.23362 21.9728 -1.10864 0.277148 0.274187 1.00904 0.535861 0.262653 9
-3.35269 22.5782 -1.10446 0.281513 0.273652 1.03838 0.581539 0.258513 9
-22.008 -30.0426 -1.96623 4.45551 1.90789 1.5763 -0.000726819 0.248352 0
-10.001 -22.9474 -2.15867 4.75678 2.00336 1.8528 3.16572 0.24817 0
-5.26607 -43.7123 -2.74335 4.2932 1.83301 1.56556 3.17898 0.246896 0
-26.7656 -4.43504 0.124879 0.70273 0.666144 1.64069 3.55352 0.244904 8
-5.24751 -46.8662 -2.81609 4.38643 1.87831 1.61014 3.18642 0.244363 0
-3.42627 -32.4963 -2.56502 2.21751 0.74641 1.55451 -1.51536 0.242564 6
-10.1971 -30.0809 -2.36039 4.47294 1.96749 1.6796 3.16049 0.237753 0
-21.2726 -39.5712 -2.27136 4.64205 2.00336 1.65517 -0.016131 0.23144 0
-5.13536 -37.2895 -2.66606 4.43814 1.91629 1.61053 3.37655 0.225076 0
-10.6623 -37.9579 -2.4984 4.52567 1.93415 1.63669 3.15093 0.218003 0
-9.18775 -21.3647 -2.09071 4.63752 1.95122 1.85009 3.17582 0.216342 0
-5.26891 -48.4528 -2.85245 4.42948 1.90045 1.65356 3.17585 0.216177 0
-26.5681 -22.1477 -0.794826 0.583295 0.633934 1.79931 0.50334 0.205456 8
6.22015 12.8282 -1.39043 0.322441 0.324019 0.774062 3.20998 0.205137 9
-0.267259 17.8909 -1.315 4.45116 1.80723 1.72953 1.53643 0.202128 0
-27.5693 -4.50865 0.166402 0.719921 0.68061 1.66571 3.43262 0.201342 8
-5.32144 -50.0792 -2.89224 4.44681 1.90696 1.66734 3.16688 0.191933 0
-5.24051 -42.1196 -2.71451 4.2932 1.83659 1.56977 3.18123 0.18743 0
-1.14857 29.0597 -1.05963 4.25147 1.74907 1.54959 1.68551 0.184327 0
-2.83394 -37.9638 -2.68411 1.86825 0.685111 1.55907 -1.57124 0.18418 6
-28.3722 -4.55819 0.197822 0.740963 0.695051 1.67305 3.30273 0.175538 8
-5.34212 -51.6413 -2.94182 4.31842 1.88198 1.64953 3.09396 0.17259 0
-5.14749 -38.863 -2.68086 4.44681 1.90231 1.63111 3.27897 0.172033 0
-3.53062 23.3436 -1.08667 0.283998 0.285109 1.07882 0.774955 0.167763 9
-3.50332 -36.4763 -2.66001 2.52877 0.878413 1.55262 -1.55367 0.165863 6
-24.5635 -4.38087 -0.134685 0.659348 0.647385 1.56327 -1.38339 0.165728 8
-26.7424 -22.6789 -0.837722 0.581021 0.635794 1.81431 0.659215 0.164114 8
-2.97098 -30.9907 -2.54157 1.97326 0.676138 1.43069 -1.47582 0.163579 6
-2.93598 21.2875 -1.16684 0.272585 0.291301 1.15917 0.766925 0.163445 9
-5.30693 -29.0363 -2.48805 4.33109 1.87831 1.66816 3.19274 0.160792 0
-5.16619 -40.4924 -2.69394 4.35229 1.86187 1.59566 3.20518 0.155335 0
-5.18568 -35.7543 -2.64222 4.38643 1.90138 1.59566 3.57236 0.154567 0
1.25475 -46.1794 -2.85703 4.35655 1.87007 1.6936 1.61978 0.150903 0
-29.1498 -4.56376 0.202883 0.760203 0.70548 1.68864 3.17441 0.147065 8
-1.08561 25.8761 -1.08679 4.25147 1.75163 1.60856 1.62676 0.145237 0
-3.45282 -34.0298 -2.60301 2.3194 0.786636 1.56365 -1.52303 0.143908 6
-30.7519 -0.320476 0.102036 0.751346 0.675149 1.73715 1.91923 0.141875 8
-3.55943 -29.3036 -2.48808 2.11287 0.718166 1.46104 4.69999 0.141637 6
-1.93455 49.9164 -0.710804 4.28064 1.92567 1.56938 3.06023 0.141519 0
-24.4435 -19.9421 -1.05661 0.598879 0.626548 1.75934 0.182167 0.141045 8
-30.0387 -0.327294 0.113919 0.720097 0.656938 1.6121 1.97073 0.13489 8
-25.7691 -20.7693 -0.807613 0.585292 0.634863 1.72532 0.166578 0.134321 8
0.371928 23.4006 -1.12127 4.289 1.78008 1.66165 1.57705 0.132515 0
-26.0119 -5.00276 0.0283929 0.702901 0.650554 1.55717 4.16083 0.128744 8
-3.0522 -29.36 -2.54077 1.96461 0.670549 1.41436 -1.50545 0.126246 6
-2.41933 -35.713 -2.70806 1.97133 0.708414 1.47286 -1.51017 0.122628 6
-2.39567 -33.268 -2.63716 2.05789 0.715366 1.43034 -1.48124 0.121165 6
8.38443 14.2038 -1.44422 0.744045 0.651825 1.75505 2.96868 0.12075 8
-2.70669 42.6763 -0.755926 4.32687 1.85371 1.57015 2.89041 0.119305 0
0.579614 -51.7344 -2.99982 4.56116 1.91442 1.75078 1.64883 0.116764 0
-25.2511 -5.01293 -0.0834057 0.68294 0.647069 1.53528 -1.51701 0.115961 8
-10.78 -39.564 -2.513 4.46858 1.91629 1.60034 3.14266 0.111628 0
-29.9267 -4.54187 0.203095 0.783186 0.717991 1.70355 3.05551 0.109706 8
-3.61509 24.1608 -1.06855 0.296467 0.305281 1.11831 0.893135 0.108189 9
-31.5088 -0.303946 0.112257 0.772363 0.687793 1.79843 1.83578 0.108001 8
-21.2292 -41.1477 -2.32856 4.64659 1.99457 1.64872 -0.0228014 0.104843 0
-3.47065 -30.9508 -2.51773 2.19061 0.743318 1.5148 -1.48411 0.103386 6
-2.44074 -37.2036 -2.74089 1.89212 0.704275 1.50118 -1.53273 0.103386 6
7.71328 13.9521 -1.42987 0.675479 0.625631 1.66816 3.01872 0.100525 8
-21.1939 -25.4 -1.84984 4.66933 1.96941 1.67387 -0.105509 0.100525 0
-8.3813 -19.8359 -2.02159 4.3438 1.84919 1.77401 3.15767 0.100172 0
