-0.14927 6.66323 -1.78775 4.36933 1.80459 1.50411 1.56956 0.798344 0
6.16414 12.4307 -1.64651 0.471215 0.430305 0.846206 -0.621388 0.472547 9
-0.173463 17.8819 -1.72653 4.68761 1.99945 1.8528 -1.47956 0.307046 0
-3.29989 21.8997 -1.56838 0.417677 0.421158 1.32478 -0.33393 0.210279 9
-1.10652 29.1587 -1.63384 4.48169 1.93132 1.75763 2.13585 0.178383 0
-3.50372 23.4599 -1.56879 0.428418 0.431778 1.33485 -0.573825 0.149531 9
6.68064 11.6228 -1.6946 0.437081 0.431778 0.943493 4.56494 0.141163 9
-0.287525 14.8351 -1.69155 4.69677 2.01022 1.80283 -1.28146 0.134776 0
-1.11285 33.1181 -1.6511 4.48169 1.91723 1.75249 3.08699 0.134662 0
-0.365168 24.292 -1.66273 4.57008 1.95218 1.79142 1.62674 0.134548 0
-4.4136 6.64892 -1.69418 0.752448 0.84662 1.39006 0.140717 0.117978 9
6.90466 13.5575 -1.7413 0.50851 0.480978 0.947706 -0.74339 0.117775 9
-1.11267 31.5241 -1.64034 4.50363 1.92661 1.75334 3.11078 0.110471 0
